A = 
        74         86       73.1 
      85.9       15.9       24.4 
      52.1       33.5       4.29 
      18.5       82.2       1.46 
      79.1       14.5       66.8 
      16.7       75.9       59.4 
      39.8         88        3.9 
      43.4       92.9       71.5 
Q = 
      0.46      0.181      0.216 
     0.534      -0.37     -0.243 
     0.324    -0.0592      -0.36 
     0.115      0.464     -0.362 
     0.492     -0.342      0.342 
     0.104      0.431       0.41 
     0.247      0.386     -0.474 
      0.27      0.399      0.351 
R = 
       161        130        107 
         0        145       37.5 
         0          0       78.3 
Testing if Q.T * Q is equal to the identity matrix: True
Testing if R is upper triangular. Test returns: True
---Checking if inverse works---
Random square matrix: A
      65.1       72.6       80.6       7.72       2.59       14.6       14.7       74.2 
      79.5       34.2       45.1       3.09       30.7       78.4       33.8       62.8 
        28         43       77.3       90.3       44.7       98.2       9.33       90.4 
      13.9         94       71.1       17.2       97.9       23.6       10.9       63.3 
      26.3       65.8       4.16       19.6       24.1       54.2       71.5       53.2 
      86.6         88       79.8       52.5       77.2       70.8       32.7       89.3 
      12.8       38.4       84.4       48.9       52.2       75.6       7.41       67.9 
      64.3       91.3       94.8       9.62       44.5       98.5       77.3       56.9 
The inverse matrix: B
 -0.000937    0.00199   -0.00213   -0.00601   -0.00607     0.0146   -0.00727   0.000553 
   0.00208     0.0109     0.0602      0.036    -0.0181    -0.0353    -0.0839     0.0222 
   0.00424    -0.0148    -0.0285    -0.0173   0.000999     0.0161     0.0413  -0.000143 
  -0.00261    -0.0195   -0.00249     -0.014    0.00259     0.0218     0.0074   -0.00105 
  -0.00912    -0.0033    -0.0267   -0.00583    0.00549     0.0201     0.0311   -0.00934 
  -0.00619     0.0222     0.0473      0.025    -0.0163    -0.0346    -0.0563     0.0173 
 -0.000447    -0.0251    -0.0629     -0.038     0.0284     0.0394     0.0802    -0.0137 
   0.00956     0.0064    -0.0217   -0.00686     0.0191   0.000375      0.037    -0.0224 
Testing if A * B = I is: True
