------------TASK A------------

 

----Decomp Testing----
This is Q before decomposition
     0.243       0.44      0.273      0.702 
     0.322      0.356      0.842      0.133 
    0.0754      0.847      0.319      0.214 
     0.964      0.245      0.868      0.836 
     0.227      0.506       0.18      0.104 
This is R before decomposition
         0          0          0          0 
         0          0          0          0 
         0          0          0          0 
         0          0          0          0 
This is Q after decomposition
     0.227      0.305     -0.169      0.831 
       0.3      0.177      0.898    -0.0788 
    0.0703      0.805     -0.019    -0.0582 
     0.899     -0.289     -0.168    -0.0508 
     0.212       0.38      -0.37     -0.545 
This is R after decomposition
      1.07      0.594       1.16      0.988 
         0          1      0.307      0.208 
         0          0      0.491     -0.182 
         0          0          0      0.462 
checkUpperTriangular(R) is True
Check that R is upper triangular, R = 

      1.07      0.594       1.16      0.988 
         0          1      0.307      0.208 
         0          0      0.491     -0.182 
         0          0          0      0.462 
Testing if Q.T * A is equal to the identity matrix: True
QR = A: True

 

----Solve Testing----
Random square matrix
    0.0786       0.22      0.985      0.982      0.676 
     0.854      0.386      0.187      0.842      0.159 
     0.427      0.564      0.943      0.335      0.218 
     0.591      0.377       0.95      0.691      0.637 
     0.959       0.35      0.797      0.384      0.648 
Random vector of size b     0.291      0.529      0.334      0.569      0.268 
A before QR
    0.0786       0.22      0.985      0.982      0.676 
     0.854      0.386      0.187      0.842      0.159 
     0.427      0.564      0.943      0.335      0.218 
     0.591      0.377       0.95      0.691      0.637 
     0.959       0.35      0.797      0.384      0.648 
R before QR
         0          0          0          0          0 
         0          0          0          0          0 
         0          0          0          0          0 
         0          0          0          0          0 
         0          0          0          0          0 
A after QR
    0.0532      0.422      0.607      0.574     -0.347 
     0.577     -0.146      -0.54      0.593    -0.0522 
     0.289      0.803     -0.314     -0.383      -0.16 
       0.4      0.158      0.322     0.0167      0.843 
     0.648      -0.36      0.372     -0.414     -0.374 
R after QR
      1.48      0.775       1.33       1.16      0.865 
         0      0.423       1.01      0.533      0.305 
         0          0      0.803      0.402      0.703 
         0          0          0      0.787      0.141 
         0          0          0          0     0.0171 
Solution vector x     -5.21       16.4      -9.13      -1.74       11.5 
We see if Ax = b
Checking if they are equal : True
------------TASK B------------
