0 0 1
0.01 0.01 0.99995
0.0256170300639682 0.0256150297543249 0.999671889982642
0.0462516975824075 0.0462374735262447 0.998930507461289
0.0708113303856344 0.0707568953283622 0.997493666853903
0.098194714305782 0.0980451188468432 0.995182118453267
0.127505529215642 0.127172601271426 0.991880843765113
0.15808928917729 0.157448570420273 0.987527541460295
0.189496562716736 0.188386463082699 0.982095454246635
0.221429754706407 0.219651854229021 0.975578937667471
0.253696108047482 0.251015887242875 0.967983727146319
0.286172449538114 0.28232008249386 0.959321177080036
0.318780726494988 0.313451797693486 0.949605182667175
0.351471734603307 0.344327855136465 0.938850704922959
0.384214555664287 0.374883900144307 0.927073172255549
0.416989800932752 0.405067597473297 0.914288321738124
0.449785327047433 0.434834329480133 0.90051223694961
0.482593534473219 0.464144498583322 0.885761456078239
0.515409669616193 0.492961847920885 0.870053089795188
0.548230759961581 0.52125242382654 0.853404923425362
0.581054947094003 0.548983940947162 0.835835495457907
0.613881069271738 0.576125399039213 0.817364152473808
0.646708400315433 0.602646856593532 0.798011083713865
0.679536486327462 0.628519301882396 0.777797339289113
0.712365043607891 0.653714584307957 0.75674483577723
0.745193894838799 0.678205382896752 0.734876352321437
0.778022929194337 0.701965197515551 0.71221551966653
0.810852077407498 0.724968353831325 0.688786803960156
0.843681296186066 0.747190016431739 0.664615486656382
0.876510558472271 0.768606206633904 0.63972764148225
0.909339847354951 0.789193822820979 0.61415010914977
0.942169152264606 0.808930661960592 0.587910470295419
0.97499846659529 0.827795441464011 0.561037016987578
1.00782778621828 0.845767820858021 0.53355872304386
1.04065710855313 0.862828422935304 0.505505213332644
1.07348643198704 0.878958854169285 0.476906732187158
1.10631575551204 0.894141724253937 0.447794111029619
1.13914507849813 0.908360664675382 0.418198735282368
1.17197440055155 0.921600346251065 0.388152510629395
1.20480372142623 0.93384649559061 0.357687828682886
1.23763304096835 0.94508591044406 0.326837532103728
1.27046235908178 0.955306473910923 0.295634879221379
1.30329167570644 0.964497167488552 0.264113508196341
1.33612099080479 0.97264808294209 0.23230740076714
1.36895030435335 0.979750432980907 0.200250845623058
1.40177961633745 0.985796560728666 0.167978401443474
1.43460892674794 0.990779947975974 0.135524859644543
1.46743823557907 0.99469522220623 0.102925206873968
1.50026754282728 0.997538162386796 0.0702145872946452
1.53309684849031 0.999305703519065 0.0374282646980893
1.56592615256678 0.999995939942421 0.00460158448863243
1.59875545505581 0.999608127388459 -0.0282300644205224
1.63158475595685 0.998142683783217 -0.0610312877582566
1.66441405526956 0.995601188796529 -0.0937667240523299
1.69724335299373 0.991986382138979 -0.126401082750852
1.73007264912923 0.987302160608278 -0.158899182267324
1.76290194367597 0.981553573888244 -0.191225987908212
1.7957312366339 0.974746819104917 -0.223346649642183
1.828560528003 0.966889234145673 -0.255226539670249
1.86138981778323 0.957989289748537 -0.286831289756347
1.89421910597459 0.948056580370229 -0.318126828278085
1.92704839257707 0.937101813842777 -0.349079416957721
1.95987767759067 0.925136799829864 -0.379655687233775
1.99270696101538 0.912174437095336 -0.409822676234066
2.0255362428512 0.898228699597613 -0.439547862311386
2.05836552309813 0.883314621424978 -0.468799200103505
2.09119480175617 0.867448280588 -0.497545155079717
2.12402407882533 0.850646781686553 -0.52575473753667
2.15685335430559 0.832928237470125 -0.553397536006847
2.18968262819697 0.814311749311286 -0.580443750043667
2.22251190049946 0.794817386613378 -0.606864222347876
2.25534117121306 0.77446616517462 -0.632630470200582
2.28817044033777 0.753280024531951 -0.657714716169056
2.32099970787359 0.731281804309043 -0.682089918052192
2.35382897382053 0.708495219593971 -0.705729798033347
2.38665823817859 0.684944835373101 -0.728608871009134
2.41948750094775 0.66065604004874 -0.750702472063618
2.45231676212804 0.635655018069108 -0.77198678305831
2.48514602171943 0.609968721700139 -0.79243885830929
2.51797527972195 0.583624841969536 -0.812036649323768
2.55080453613558 0.556651778814406 -0.830759028569432
2.58363379096032 0.52907861046467 -0.84858581225095
2.61646304419619 0.500935062095227 -0.865497782069064
2.64929229584317 0.4722514737807 -0.881476705938842
2.68212154590127 0.443058767787281 -0.896505357644725
2.71495079437049 0.413388415236959 -0.910567535411201
2.74778004125083 0.38327240218005 -0.923648079369078
2.78060928654229 0.352743195112623 -0.935732887898528
2.81343853024487 0.321833705975976 -0.94680893283128
2.84626777235857 0.290577256675916 -0.956864273495579
2.87909701288339 0.259007543160073 -0.96588806958877
2.91192625181934 0.227158599091991 -0.973870592863622
2.94475548916641 0.195064759161144 -0.980803237615809
2.9775847249246 0.162760622068438 -0.986678529961224
3.01041395909391 0.130281013227105 -0.991490135893137
3.04324319167435 0.0976609472191933 -0.995232868110512
3.07607242266591 0.0649355900481242 -0.997902691610113
3.10890165206859 0.0321402212280244 -0.999496728036381
3.14173087988241 -0.000689804249312358 -1.00001325878438
3.17456010610734 -0.0335190940288255 -0.999451726852482
3.20738933074341 -0.0663122565468612 -0.997812737442793
3.2402185537906 -0.0990339391849873 -0.995098057308647
3.27304777524892 -0.131648866381818 -0.991310612849914
3.30587699511837 -0.164121877661763 -0.986454486958139
3.33870621339894 -0.196417965539699 -0.980534914614936
3.37153543009064 -0.228502313260712 -0.97355827724837
3.40436464519348 -0.260340332334208 -0.965532095853414
3.43719385870744 -0.29189769982195 -0.95646502288391
3.47002307063254 -0.323140395339799 -0.94636683292475
3.50285228096876 -0.354034737733294 -0.935248412154358
3.53568148971612 -0.384547421387512 -0.923121746608822
3.56851069687461 -0.414645552132076 -0.909999909260323
3.60133990244423 -0.444296682702604 -0.895897045923806
3.63416910642498 -0.473468847720366 -0.880828360007073
3.66699830881687 -0.502130598152436 -0.864810096120741
3.69982750961989 -0.530251035215198 -0.847859522565747
3.73265670883405 -0.557799843684657 -0.829994912717254
3.76548590645934 -0.584747324577629 -0.81123552532506
3.79831510249576 -0.611064427168603 -0.791601583751719
3.83114429694333 -0.636722780307735 -0.771114254170767
3.86397348980202 -0.661694723006233 -0.749795622748567
3.89680268107186 -0.685953334256144 -0.727668671834352
3.92963187075283 -0.709472462052409 -0.70475725518415
3.96246105884494 -0.732226751585886 -0.681086072245297
3.99529024534819 -0.754191672576964 -0.656680641529257
4.02811943026258 -0.775343545720283 -0.631567273101457
4.06094861358811 -0.795659568212072 -0.605773040217799
4.09377779532478 -0.815117838332564 -0.579325750138415
4.12660697547259 -0.833697379057002 -0.552253914150145
4.15943615403154 -0.851378160669783 -0.524586716830037
4.19226533100163 -0.868141122357348 -0.496353984583021
4.22509450638286 -0.883968192756556 -0.467586153487667
4.25792368017523 -0.898842309436378 -0.43831423648469
4.29075285237875 -0.912747437291917 -0.408569789943577
4.32358202299341 -0.925668585830919 -0.378384879643382
4.35641119201922 -0.937591825334148 -0.347792046204351
4.38924035945617 -0.948504301872188 -0.316824270007661
4.42206952530426 -0.958394251162505 -0.285514935641081
4.4548986895635 -0.967251011251809 -0.253897795908876
4.48772785223389 -0.975065034010061 -0.222006935444776
4.52055701331542 -0.981827895423727 -0.189876733967216
4.5533861728081 -0.987532304677177 -0.157541829216466
4.58621533071193 -0.992172112012458 -0.125037079613611
4.6190444870269 -0.99574231535894 -0.0923975266816316
4.65187364175303 -0.998239065725716 -0.0596583572690966
4.6847027948903 -0.999659671350925 -0.0268548656171974
4.71753194643872 -1.00000260060353 0.00597758468898943
4.7503610963983 -0.999267483634444 0.0388035988439889
4.78319024476902 -0.997455112775153 0.0715877889790648
4.81601939155089 -0.994567441683522 0.104294812311874
4.84884853674392 -0.990607583237602 0.136889409247511
4.88167768034809 -0.985579806179753 0.169336441389864
4.91450682236342 -0.979489530514706 0.201600929422312
4.9473359627899 -0.972343321666504 0.233648090816922
4.98016510162754 -0.964148883400644 0.265443377331487
5.01299423887633 -0.954915049519032 0.296952512253999
5.04582337453627 -0.94465177433671 0.328141527354387
5.07865250860737 -0.933370121950635 0.358976799503698
5.11148164108963 -0.921082254312053 0.389425086921236
5.14431077198304 -0.907801418115353 0.41945356501059
5.1771399012876 -0.893541930517517 0.449029861745908
5.20996902900333 -0.878319163703572 0.478122092570283
5.24279815513021 -0.862149528314681 0.506698894768619
5.27562727966825 -0.845050455756729 0.534729461277922
5.30845640261745 -0.827040379408497 0.562183573898575
5.3412855239778 -0.808138714749661 0.589031635870785
5.37411464374932 -0.78836583843005 0.615244703781089
5.40694376193199 -0.767743066302732 0.64079451876452
5.43977287852583 -0.74629263044459 0.665653536968801
5.47260199353083 -0.724037655189191 0.689794959247711
5.50543110694699 -0.701002132197756 0.71319276005164
5.53826021877431 -0.677210894595125 0.735821715484149
5.57108932901279 -0.652689590198592 0.757657430494335
5.60391843766244 -0.627464653868472 0.778676365175642
5.63674754472325 -0.601563279010209 0.798855860142799
5.66957665019522 -0.575013388258744 0.818174160959516
5.70240575407836 -0.547843603376747 0.836610441590601
5.73523485637266 -0.520083214399173 0.854144826853222
5.76806395707813 -0.491762148057387 0.87075841384311
5.80089305619476 -0.462910935516917 0.886433292312598
5.83372215372256 -0.433560679463605 0.901152563978542
5.86655124966153 -0.403743020573643 0.914900360739291
5.89938034401167 -0.373490103403634 0.927661861781089
5.93220943677297 -0.342834541737461 0.939423309555445
5.96503852794544 -0.311809383427311 0.950172024610269
5.99786761752908 -0.280448074766762 0.959896419258764
6.03069670552389 -0.248784424434343 0.968586010071364
6.06352579192987 -0.216852567046429 0.976231429177224
6.09635487674702 -0.184686926358769 0.982824434363102
6.12918395997534 -0.152322178156322 0.988357917958727
6.16201304161484 -0.119793212871389 0.992825914499098
6.1948421216655 -0.0871350979703637 0.996223607155426
6.22767120012734 -0.0543830401496331 0.998547332927807
6.26050027700035 -0.0215723473813891 0.999794586594026
6.29332935228453 0.011261609149733 0.999964023410221
6.32615842597989 0.0440834331781556 0.999055460560519
6.35898749808642 0.0768577415158937 0.997069877354056
6.39181656860413 0.109549202196985 0.994009414169193
6.42464563753301 0.142122572566695 0.989877370146046
6.45747470487307 0.17454273727444 0.984678199629834
6.4903037706243 0.206774746129454 0.978417507368868
6.52313283478672 0.23878385177842 0.971102042472368
6.55596189736031 0.270535547164412 0.962739691134607
6.58879095834507 0.301995602726791 0.953339468133244
6.62162001774102 0.333130103301946 0.942911507111005
6.65444907554814 0.363905484685094 0.931467049651175
6.68727813176645 0.394288569813728 0.919018433158703
6.72010718639593 0.424246604533708 0.905579077559964
6.7529362394366 0.453747292909433 0.891163470835528
6.78576529088844 0.48275883204004 0.875787153401533
6.81859434075147 0.51124994634407 0.859466701356484
6.85142338902568 0.539189921275684 0.842219708611563
6.88425243571107 0.566548636436032 0.824064767923699
6.91708148080764 0.593296598044127 0.805021450851841
6.9499105243154 0.619404970732179 0.785110286658063
6.98273956623434 0.644845608631146 0.764352740176217
7.01556860656447 0.669591085712963 0.742771188672026
7.04839764530578 0.693614725356763 0.720388897719533
7.08122668245827 0.7168906291072 0.697229996119929
7.11405571802196 0.739393704593874 0.673319449889798
7.14688475199682 0.761099692581773 0.64868303534681
7.17971378438288 0.781985193123552 0.623347311321897
7.21254281518012 0.802027690785471 0.597339590527839
7.24537184438855 0.82120557891979 0.570687910115156
7.27820087200817 0.83949818295746 0.543421001447032
7.31102989803898 0.856885782695989 0.515568259125853
7.34385892248098 0.873349633558474 0.487159709304757
7.37668794533416 0.888871986800865 0.458225977318357
7.40951696659854 0.903436108645684 0.428798254667527
7.44234598627411 0.917026298321574 0.398908265393844
7.47517500436087 0.929627904989226 0.368588231879947
7.50800402085882 0.941227343535443 0.337870840112657
7.54083303576797 0.951812109218311 0.306789204446334
7.57366204908831 0.961370791147688 0.275376831904438
7.60649106081984 0.969893084586487 0.243667586057786
7.63932007096256 0.977369802059478 0.211695650518439
7.67214907951648 0.98379288325765 0.179495492088591
7.7049780864816 0.989155403727443 0.147101823604158
7.73780709185791 0.993451582335491 0.114549566513156
7.77063609564541 0.996676787500822 0.0818738132291832
7.80346509784412 0.998827542187802 0.0491097893006021
7.83629409845401 0.999901527654446 0.0162928154362084
7.86912309747511 0.999897585952038 -0.0165417305716855
7.90195209490741 0.998815721173385 -0.049358451985698
7.9347810907509 0.996657099448348 -0.0821219712822428
7.96761008500559 0.993424047686659 -0.114796968289676
8.00043907767148 0.989120051069378 -0.147348218264611
8.03326806874857 0.983749749291698 -0.179740629865348
8.06609705823687 0.977318931561143 -0.211939282981497
8.09892604613636 0.969834530356558 -0.243909466378987
8.13175503244705 0.961304613954613 -0.275616715119912
8.16458401716895 0.951738377731883 -0.307026847716843
8.19741300030205 0.941146134251878 -0.338106002981567
8.23024198184635 0.92953930214771 -0.368820676528538
8.26307096180185 0.916930393812387 -0.399137756893663
8.29589994016856 0.903333001909992 -0.429024561229515
8.32872891694648 0.888761784722306 -0.458448870538467
8.3615578921356 0.873232450346659 -0.487378964405782
8.39438686573592 0.856761739762045 -0.515783655195211
8.42721583774745 0.83936740878177 -0.543632321670225
8.46004480817018 0.821068208912068 -0.570894942004658
8.49287377700413 0.80188386713734 -0.597542126147152
8.52570274424928 0.781835064653793 -0.623545147504526
8.55853170990564 0.760943414574418 -0.648875973909918
8.5913606739732 0.739231438629329 -0.673507297842299
8.62418963645198 0.716722542886597 -0.697412565864801
8.65701859734197 0.693440992519733 -0.720566007250108
8.68984755664316 0.669411885649041 -0.742942661762063
8.72267651435557 0.644661126285027 -0.764518406563532
8.75550547047918 0.619215396403042 -0.785269982221522
8.78833442501401 0.593102127179254 -0.805175017781528
8.82116337796005 0.566349469418967 -0.824212054884054
8.8539923293173 0.538986263209161 -0.842360570897341
8.88682127908577 0.511042006827969 -0.859601001041337
8.91965022726545 0.482546824944609 -0.875914759479077
8.95247917385634 0.453531436144052 -0.891284259352727
8.98530811885845 0.424027119811438 -0.905692931742699
9.01813706227177 0.39406568241193 -0.919125243529389
9.05096600409631 0.363679423202378 -0.931566714138296
9.08379494433206 0.33290109941173 -0.943003931150461
9.11662388297903 0.301763890927749 -0.953424564761398
9.14945282003722 0.270301364528095 -0.962817381072937
9.18228175550662 0.23854743769433 -0.97117225420364
9.21511068938724 0.206536342047866 -0.978480177204748
9.24793962167908 0.174302586447259 -0.984733271769879
9.28076855238214 0.141880919786641 -0.989924796728017
9.31359748149642 0.109306293535399 -0.994049155310634
9.34642640902192 0.0766138240594632 -0.997101901185114
9.37925533495864 0.0438387547648521 -0.99907974324797
9.41208425930658 0.0110164181042614 -0.999980549172693
9.44491318206574 -0.021817802512334 -0.999803347708407
9.47774210323612 -0.0546285108620053 -0.998548329726843
9.51057102281773 -0.087380336067003 -0.996216848016523
9.54339994081056 -0.120037970725562 -0.992811415824359
9.57622885721461 -0.15256620897427 -0.988335704146241
9.60905777202989 -0.184929984440975 -0.98279453776955
9.64188668525639 -0.217094408047302 -0.976193890071843
9.67471559689411 -0.249024805620049 -0.968540876581332
9.70754450694306 -0.28068675527089 -0.959843747306091
9.74037341540324 -0.312046124504117 -0.950111877840262
9.77320232227464 -0.343069107012389 -0.939355759256856
9.80603122755727 -0.37372225912085 -0.927586986798034
9.83886013125113 -0.4039725358403 -0.914818247375061
9.87168903335622 -0.433787326490578 -0.901063305891422
9.90451793387253 -0.463134489855736 -0.886336990403829
9.93734683280007 -0.491982388833115 -0.870655176137125
9.97017573013884 -0.520299924538972 -0.854034768370312
10.0030046258888 -0.54805656983388 -0.836493684212157
10.0358335200501 -0.575222402231772 -0.818050833286023
10.0686624126225 -0.60176813615715 -0.798726097344744
10.1014913036062 -0.627665154515679 -0.778540308837521
10.1343201930012 -0.652885539544135 -0.757515228451945
10.1671490808073 -0.677402102906457 -0.735673521655362
10.1999779670247 -0.701188415003448 -0.713038734260858
10.2328068516533 -0.724218833464536 -0.689635267044219
10.2656357346932 -0.746468530790874 -0.665488349439219
10.2984646161443 -0.767913521119991 -0.640624012339598
10.3312934960066 -0.788530686083126 -0.615069060037048
10.3641223742802 -0.808297799727381 -0.588851041325461
10.396951250965 -0.827193552475823 -0.561998219802593
10.429780126061 -0.845197574099705 -0.534539543401148
10.4626089995683 -0.862290455678045 -0.506504613182141
10.4954378714868 -0.878453770520884 -0.477923651424176
10.5282667418166 -0.893670094033676 -0.448827469043039
10.5610956105575 -0.907923022501383 -0.419247432376733
10.5939244777098 -0.921197190772046 -0.389215429371755
10.6267533432732 -0.933478288820745 -0.358763835207075
10.6595822072479 -0.944753077176112 -0.327925477392866
10.6924110696339 -0.95500940119275 -0.296733600381623
10.7252399304311 -0.96423620415419 -0.265221829729804
10.7580687896395 -0.97242353919225 -0.233424135848643
10.7908976472592 -0.979562580009938 -0.201374797383206
10.8237265032901 -0.985645630396371 -0.169108364259165
10.8565553577322 -0.990666132523411 -0.136659620437133
10.8893842105856 -0.994618674015112 -0.104063546414711
10.9222130618503 -0.997498993782332 -0.0713552815166646
10.9550419115262 -0.999303986616233 -0.0385700860138903
10.9878707596133 -1.00003170653572 -0.00574330311200152
11.0206996061117 -0.999681368885173 0.0270896791494829
11.0535284510213 -0.998253351180316 0.0598934660462781
11.0863572943422 -0.995749192701142 0.0926326943256728
11.1191861360743 -0.9921715928325 0.125272070328937
11.1520149762177 -0.987524408154037 0.157776408038698
11.1848438147723 -0.981812648282659 0.190110667010277
11.2176726517381 -0.975042470471992 0.222239990146079
11.2505014871152 -0.967221172974667 0.254129741272336
11.2833303209036 -0.958357187174585 0.285745542477677
11.3161591531032 -0.948460068497636 0.317053311173283
11.3489879837141 -0.93754048611068 0.348019296834669
11.3818168127362 -0.925610211419897 0.378610117385491
11.4146456401695 -0.912682105380889 0.408792795184151
11.4474744660141 -0.898770104634234 0.43853479257441
11.48030329027 -0.883889206481429 0.467804046961675
11.5131321129371 -0.868055452717414 0.496569005377161
11.5459609340155 -0.851285912337118 0.524798658492657
11.5787897535051 -0.83359866313466 0.552462574049231
11.611618571406 -0.815012772215045 0.579530929663838
11.6444473877181 -0.795548275439367 0.605974544978461
11.6772762024415 -0.775226155825672 0.631764913117136
11.7101050155762 -0.75406832092877 0.656874231416937
11.7429338271221 -0.732097579223383 0.681275431399806
11.7757626370792 -0.709337615516078 0.70494220795291
11.8085914454477 -0.68581296541251 0.72784904768607
11.8414202522273 -0.661548988867478 0.749971256435688
11.8742490574183 -0.636571842846329 0.771284985885535
11.9070778610205 -0.610908453127166 0.791767259275691
11.9399066630339 -0.584586485274267 0.811395996171916
11.9727354634586 -0.557634314814002 0.830150036268779
12.0055642622946 -0.530080996645402 0.848009162200847
12.0383930595418 -0.501956233718354 0.864954121337372
12.0712218552003 -0.473290345013189 0.880966646536974
12.1040506492701 -0.44411423285618 0.896029475839932
12.1368794417511 -0.414459349606189 0.910126371076881
12.1697082326434 -0.384357663748372 0.923242135373825
12.2025370219469 -0.353841625431489 0.935362629534623
12.2353658096617 -0.322944131485988 0.946474787283269
12.2681945957878 -0.291698489960549 0.956566629349538
12.3010233803252 -0.260138384215342 0.965627276382825
12.3338521632738 -0.228297836610693 0.973646960680239
12.3666809446336 -0.196211171830305 0.980617036716325
12.3995097244048 -0.163912979878577 0.986529990463046
12.4323385025872 -0.131438078791908 0.99137944749
12.4651672791808 -0.0988214771041786 0.995160179836118
12.4979960541858 -0.0660983361068858 0.997868111645451
12.530824827602 -0.0333039319446007 0.99950032356096
12.5636535994295 -0.000473617586621712 1.00005505587159
12.5964823696682 0.0323572152841862 0.999531710409193
12.6293111383182 0.0651531744242804 0.997930851193346
12.6621399053795 0.0978789051829285 0.995254203823233
12.6949686708521 0.130499128615165 0.991504653617383
12.7277974347359 0.162978679513131 0.986686242503181
12.760626197031 0.195282544314795 0.980804164659544
12.7934549577374 0.227375898849196 0.973864760917443
12.826283716855 0.259224145877507 0.965875511924324
12.8591124743839 0.290792952389467 0.956845030079779
12.8919412303241 0.322048286614953 0.946783050251174
12.9247699846756 0.352956454710809 0.935700419279235
12.9575987374383 0.383484137083383 0.923609084284913
12.9904274886123 0.413598424307606 0.910522079790127
13.0232562381976 0.443266852603897 0.896453513666273
13.0560849861942 0.472457438834652 0.881418551925645
13.0889137326021 0.501138714982584 0.865433402372164
13.1217424774212 0.529279762073758 0.848515297129041
13.1545712206516 0.556850243508729 0.830682474062213
13.1873999622933 0.583820437765882 0.811954157119566
13.2202287023462 0.610161270441687 0.792350535607155
13.2530574408105 0.635844345593362 0.771892742424751
13.285886177686 0.660841976350125 0.750602831284188
13.3187149129728 0.685127214760057 0.728503752935054
13.3515436466709 0.708673880840396 0.705619330423369
13.3843723787802 0.731456590799942 0.681974233409919
13.4172011093009 0.753450784403147 0.657593951575925
13.4500298382328 0.774632751446399 0.632504767144725
13.482858565576 0.794979657317956 0.606733726549085
13.5156872913305 0.814469567613968 0.580308611274683
13.5485160154963 0.833081471784066 0.5532579079112
13.5813447380733 0.850795305781011 0.525610777443307
13.6141734590617 0.867591973689999 0.497397023814638
13.6470021784613 0.883453368314301 0.46864706179866
13.6798308962722 0.898362390695048 0.439391884211053
13.7126596124944 0.912302968544116 0.409663028498966
13.7454883271279 0.925260073570242 0.379492542743148
13.7783170401727 0.937219737679691 0.348912951109622
13.8111457516287 0.948169068034022 0.31795721878813
13.8439744614961 0.958096260948696 0.286658716455159
13.8768031697747 0.966990614617571 0.255051184299845
13.9096318764647 0.974842540649548 0.223168695651551
13.9424605815659 0.981643574404939 0.191045620248309
13.9752892850784 0.987386384120416 0.158716587185747
14.0081179870022 0.992064778812698 0.126216447586421
14.0409466873373 0.995673714952463 0.093580237029807
14.0737753860837 0.998209301901288 0.0608431377834535
14.1066040832414 0.999668806105752 0.0280404408760054
14.1394327788103 1.00005065404419 -0.00479249194701201
14.1722614727906 0.999354433922916 -0.037620266343637
14.2050901651822 0.997580896120081 -0.0704074935310498
14.237918855985 0.994731952376704 -0.103118828435152
14.2707475451992 0.990810673735731 -0.13571900779302
14.3035762328246 0.985821287231355 -0.168172888167168
14.3364049188613 0.979769171332159 -0.200445483830615
14.3692336033094 0.972660850143009 -0.232502004481954
14.4020622861687 0.964503986371921 -0.264307892749725
14.4348909674393 0.955307373069516 -0.295828861445693
14.4677196471213 0.945080924149942 -0.327030930526857
14.5005483252145 0.933835663703498 -0.357880463726343
14.533377001719 0.921583714112473 -0.388344204813704
14.5662056766348 0.908338282983016 -0.418389313445522
14.599034349962 0.894113648907123 -0.447983400567685
14.6318630217004 0.878925146070093 -0.477094563331149
14.6646916918501 0.862789147720035 -0.505691419483576
14.6975203604111 0.84572304851727 -0.533743141199742
14.7303490273835 0.827745245782624 -0.561219488314275
14.7631776927671 0.808875119664861 -0.588090840920872
14.796006356562 0.789133012248606 -0.614328231302877
14.8288350187683 0.7685402056253 -0.639903375160771
14.8616636793858 0.747118898950816 -0.664788702102945
14.8944923384147 0.724892184514479 -0.688957385366851
14.9273209958548 0.701884022845272 -0.712383370738514
14.9601496517063 0.678119216882085 -0.735041404639233
14.992978305969 0.653623385235829 -0.756907061349165
15.0258069586431 0.62842293457226 -0.777956769338487
15.0586356097285 0.602545031145273 -0.798167836677708
15.0914642592252 0.57601757151135 -0.81751847549977
15.1242929071331 0.548869152456747 -0.835987825487555
15.1571215534524 0.521129040169826 -0.853555976361481
15.189950198183 0.492827138691769 -0.870203989342937
15.222778841325 0.463993957679688 -0.885913917570439
15.2556074828782 0.434660579516871 -0.900668825446474
15.2884361228427 0.404858625805643 -0.914452806894199
15.3212647612186 0.37462022327893 -0.927251002504297
15.3540933980057 0.343977969167311 -0.939049615553516
15.3869220332042 0.31296489605886 -0.949835926877619
15.419750666814 0.281614436289677 -0.959598308582709
15.4525792988351 0.249960385903499 -0.968326236580163
15.4854079292675 0.218036868219226 -0.976010301931639
15.5182365581112 0.185878297045652 -0.982642220991944
15.5510651853663 0.153519339583051 -0.988214844338831
15.5838938110326 0.120994879051607 -0.99272216448008
15.6167224351103 0.0883399770869819 -0.996159322329576
15.6495510575993 0.0555898359435523 -0.998522612445389
15.6823796784996 0.0227797605460637 -0.999809487024221
15.7152082978112 -0.0100548795693871 -1.0000185586479
15.7480369155341 -0.0428786883840178 -0.999149601778971
15.7808655316684 -0.0756562815535679 -0.997203553003777
15.8136941462139 -0.108352324552917 -0.994182510022751
15.8465227591708 -0.140931570766989 -0.990089729389021
15.879351370539 -0.173358899486888 -0.984929622997763
15.9121799803186 -0.205599353770295 -0.978707753330089
15.9450085885094 -0.237618178125323 -0.971430827456591
15.9778371951116 -0.269380855977196 -0.963106689807011
16.0106658001251 -0.300853146877374 -0.953744313713829
16.0434944035499 -0.332001123415 -0.943353791738892
16.076323005386 -0.36279120779089 -0.931946324793498
16.1091516056335 -0.393190208014632 -0.919534210063678
16.1419802042923 -0.423165353685773 -0.906130827753689
16.1748088013624 -0.452684331320527 -0.891750626662004
16.2076373968438 -0.481715319185917 -0.876409108605351
16.2404659907366 -0.510227021603799 -0.860122811707599
16.2732945830407 -0.538188702687796 -0.842909292571495
16.3061231737561 -0.565570219476763 -0.824787107352479
16.3389517628828 -0.592342054429067 -0.805775791754972
16.3717803504209 -0.618475347242668 -0.785895839972721
16.4046089363702 -0.643941925966671 -0.765168682595868
16.437437520731 -0.66871433737084 -0.743616663508601
16.470266103503 -0.692765876540313 -0.721263015802258
16.5030946846864 -0.71607061566363 -0.698131836729873
16.5359232642811 -0.738603431983032 -0.674248061729145
16.5687518422871 -0.760340034876904 -0.649637437541854
16.6015804187045 -0.781256992045165 -0.624326494458679
16.6344089935332 -0.801331754769381 -0.598342517719355
16.6672375667732 -0.820542682220369 -0.571713518098999
16.7000661384245 -0.838869064787081 -0.544468201712302
16.7328947084872 -0.856291146401636 -0.516635939068148
16.7657232769613 -0.87279014583642 -0.488246733408019
16.7985518438466 -0.888348276950295 -0.459331188362312
16.8313804091433 -0.902948767862108 -0.429920474959443
16.8642089728513 -0.916575879030807 -0.400046298023296
16.8970375349707 -0.929214920222698 -0.369740861995238
16.9298660955014 -0.940852266347534 -0.339036836217555
16.9626946544434 -0.951475372146375 -0.30796731971573
16.9955232117968 -0.961072785715381 -0.276565805517513
17.0283517675615 -0.969634160850965 -0.244866144547277
17.0611803217375 -0.977150268202989 -0.212902509134549
17.0940088743249 -0.98361300522399 -0.180709356176085
17.1268374253236 -0.989015404903708 -0.148321389991172
17.1596659747337 -0.993351643279489 -0.115773524910222
17.1924945225551 -0.996617045714493 -0.0831008476369778
17.2253230687878 -0.998808091936909 -0.0503385794248993
17.2581516134319 -0.999922419834767 -0.0175220381085171
17.2909801564873 -0.999958828002246 0.0153133999693271
17.323808697954 -0.99891727703474 0.0481323380933056
17.3566372378321 -0.996798889571278 0.0808993973333861
17.3894657761216 -0.993605949084259 0.113579254683434
17.4222943128224 -0.989341897417807 0.146136681139527
17.4551228479345 -0.984011331077393 0.178536579676919
17.487951381458 -0.977619996274736 0.210744023084742
17.5207799133928 -0.970174782733313 0.242724291617625
17.5536084437389 -0.961683716261159 0.274442910423667
17.5864369724964 -0.952155950098976 0.305865686708414
17.6192654996653 -0.941601755052855 0.336958746594759
17.6520940252455 -0.930032508422272 0.367688571639054
17.684922549237 -0.917460681735274 0.398022034964057
17.7177510716399 -0.903899827304093 0.427926436969757
17.7505795924542 -0.889364563615675 0.457369540583596
17.7834081116798 -0.87387055957286 0.486319606012076
17.8162366293167 -0.857434517603233 0.514745424956298
17.849065145365 -0.840074155653819 0.542616354254535
17.8818936598246 -0.82180818809106 0.569902348915591
17.9147221726956 -0.802656305526647 0.596573994507321
17.947550683978 -0.782639153590962 0.622602538865403
17.9803791936716 -0.761778310677015 0.64795992308818
18.0132077017767 -0.74009626467886 0.672618811784161
18.0460362082931 -0.717616388749575 0.696552622539573
18.0788647132208 -0.694362916104933 0.719735554574193
18.1116932165599 -0.670360913899927 0.74214261655458
18.1445217183104 -0.645636256206319 0.763749653534715
18.1773502184722 -0.620215596120324 0.784533372995012
18.2101787170453 -0.594126337030521 0.804471369951633
18.2430072140299 -0.567396603076943 0.823542151109023
18.2758357094257 -0.540055208833206 0.841725158029656
18.308664203233 -0.512131628244358 0.859000789295991
18.3414926954516 -0.483655962853918 0.875350421640759
18.3743211860815 -0.454658909354384 0.890756430022803
18.4071496751228 -0.425171726496161 0.905202206626823
18.4399781625755 -0.395226201390604 0.918672178766554
18.4728066484395 -0.364854615243492 0.931151825672067
18.5056351327149 -0.334089708555867 0.942627694143106
18.5384636154016 -0.302964645829767 0.953087413051583
18.5712920964997 -0.271512979816885 0.962519706677594
18.6041205760092 -0.239768615348703 0.970914406864585
18.63694905393 -0.207765772787086 0.978262463980569
18.6697775302622 -0.175538951134745 0.984555956673564
18.7026060050057 -0.143122890845328 0.989788100410751
18.7354344781606 -0.11055253637323 0.993953254792137
18.7682629497269 -0.0778629985035013 0.997046929630847
18.8010914197045 -0.0450895165024538 0.999065789793484
18.8339198880935 -0.0122674201297692 1.00000765879534
18.8667483548939 0.0205679084469368 0.999871521146592
18.8995768201056 0.0533810727940414 0.998657523446937
18.9324052837287 0.0861367003692145 0.996366974227506
18.9652337457632 0.118799480652959 0.99300234254021
18.998062206209 0.151334203213283 0.988567255296054
19.0308906650662 0.183705795662475 0.983066493355273
19.0637191223348 0.215879361465063 0.976505986373522
19.0965475780147 0.24782021755619 0.968892806409662
19.129376032106 0.279493931729882 0.960235160302042
19.1622044846087 0.310866359756865 0.950542380821491
19.1950329355227 0.34190368219195 0.939824916610558
19.2278613848481 0.372572440831297 0.92809432091985
19.2606898325849 0.402839574780249 0.915363239153604
19.2935182787331 0.432672456092868 0.901645395237919
19.3263467232926 0.462038924944751 0.886955576826356
19.3591751662635 0.490907324301195 0.871309619358836
19.3920036076458 0.519246534043368 0.854724388991037
19.4248320474394 0.54702600451567 0.837217764412674
19.4576604856444 0.574215789458131 0.818808617574288
19.4904889222608 0.600786578288356 0.799516793343296
19.5233173572886 0.626709727698196 0.779363088111246
19.5561457907277 0.651957292531099 0.758369227375331
19.5889742225783 0.676502055906855 0.736557842318346
19.6218026528402 0.700317558561255 0.713952445412306
19.6546310815134 0.723378127369036 0.690577405072055
19.6874595085981 0.745658903019369 0.66645791938617
19.7202879340941 0.76713586681406 0.641619988953482
19.7531163580015 0.787785866559559 0.616090388854502
19.7859447803203 0.807586641524887 0.589896639787964
19.8187732010505 0.826516846438561 0.563066978403592
19.851601620192 0.844556074498658 0.535630326863089
19.8844300377449 0.861684879371204 0.507616261662143
19.9172584537092 0.87788479615319 0.479054981747076
19.9500868680849 0.893138361277593 0.449977275960493
19.982915280872 0.907429131338974 0.420414489851032
20.0157436920704 0.920741700819332 0.390398491882998
20.0485721016803 0.933061718695126 0.359961639082289
20.0814005097015 0.94437590390755 0.329136742155675
20.1142289161341 0.954672059679393 0.297957030121007
20.1470573209781 0.963939086663044 0.266456114486495
20.1798857242334 0.972166994905478 0.234667953017672
20.2127141259002 0.979346914617309 0.202626813131098
20.2455425259783 0.985471105734323 0.170367234954265
20.2783709244679 0.990532966261164 0.137923994091533
20.3111993213688 0.994527039388193 0.105332064136222
20.3440277166811 0.997449019373837 0.0726265789692812
20.3768561104048 0.999295756186097 0.0398427948851751
20.4096845025398 1.00006525889821 0.00701605258581409
20.4425128930863 0.999756697834793 -0.025818260916501
20.4753412820442 0.998370405466178 -0.0586247504460508
20.5081696694134 0.995907876049951 -0.0913680508194635
20.540998055194 0.992371764020094 -0.124012864969144
20.5738264393861 0.987765881125474 -0.156524001993271
20.6066548219895 0.982095192320741 -0.188866415091337
20.6394832030043 0.975365810414089 -0.221005239344352
20.6723115824305 0.967584989477638 -0.252905829298962
20.7051399602681 0.958761117027537 -0.284533796314996
20.7379683365171 0.948903704982232 -0.315855045636146
20.7707967111775 0.938023379408633 -0.346835813143855
20.8036250842492 0.92613186906724 -0.377442701754761
20.8364534557324 0.913241992768574 -0.407642717422483
20.869281825627 0.899367645554548 -0.437403304704924
20.9021101939329 0.884523783719667 -0.466692381858768
20.9349385606503 0.86872640868821 -0.495478375423313
20.967766925779 0.851992549764774 -0.523730254256388
21.0005952893192 0.834340245776773 -0.551417562985644
21.0334236512707 0.815788525628681 -0.578510454839163
21.0662520116337 0.796357387788983 -0.604979723820001
21.099080370408 0.776067778731953 -0.630796836189977
21.1319087275938 0.754941570357485 -0.655933961228757
21.1647370831909 0.73300153641333 -0.680364001235106
21.1975654371995 0.710271327945152 -0.704060620737926
21.2303937896194 0.686775447800873 -0.726998274885629
21.2632221404508 0.662539224216776 -0.749152236983217
21.2960504896935 0.63758878351386 -0.770498625147395
21.3288788373477 0.611951021933867 -0.791014428050978
21.3617071834132 0.585653576645347 -0.810677529728851
21.3945355278902 0.558724795951016 -0.829466733418721
21.4273638707786 0.531193708728516 -0.847361784410984
21.4601922120783 0.503089993137538 -0.864343391883064
21.4930205517895 0.474443944627016 -0.880393249694678
21.5258488899121 0.445286443276908 -0.895494056121636
21.5586772264461 0.415648920509742 -0.909629532506873
21.5915055613915 0.385563325207837 -0.922784440808631
21.6243338947483 0.355062089272702 -0.934944600026863
21.6571622265165 0.324178092663758 -0.946096901490152
21.6899905566961 0.29294462795406 -0.956229322986676
21.7228188852871 0.261395364441229 -0.965330941723969
21.7556472122895 0.229564311852292 -0.973391946103526
21.7884755377034 0.197485783681536 -0.980403646297544
21.8213038615286 0.16519436020092 -0.986358483616414
21.8541321837653 0.132724851182904 -0.991250038656847
21.8869605044133 0.100112258375886 -0.995073038221865
21.9197888234728 0.0673917377726952 -0.997823361005197
21.9526171409437 0.0345985617128157 -0.99949804203394
21.985445456826 0.00176808085920063 -1.00009527586472
22.0182737711197 -0.0310643139093454 -0.999614418529861
22.0511020838249 -0.0638632296491285 -0.998055988231554
22.0839303949414 -0.0965933095047476 -0.99542166478315
22.1167587044694 -0.12921927082337 -0.991714287798306
22.1495870124087 -0.161705943189008 -0.986937853629848
22.1824153187595 -0.194018306335806 -0.981097511061702
22.2152436235217 -0.226121527899458 -0.974199555758504
22.2480719266954 -0.257981000966063 -0.966251423478898
22.2809002282804 -0.289562381377946 -0.957261682059827
22.3137285282768 -0.320831624756222 -0.947240022180447
22.3465568266847 -0.3517550232002 -0.936197246915649
22.379385123504 -0.382299241624058 -0.924145260090422
22.4122134187347 -0.412431353691632 -0.911097053447629
22.4450417123769 -0.442118877310558 -0.897066692643017
22.4778700044304 -0.471329809647536 -0.882069302082576
22.5106982948954 -0.500032661626942 -0.866121048618566
22.5435265837718 -0.528196491875615 -0.849239124121818
22.5763548710596 -0.555790940077228 -0.831441726949069
22.6091831567588 -0.582786259700272 -0.812748042325329
22.6420114408695 -0.609153350064391 -0.793178221662416
22.6748397233916 -0.634863787710494 -0.77275336083596
22.7076680043251 -0.659889857040824 -0.751495477444289
22.74049628367 -0.684204580195956 -0.729427487073715
22.7733245614263 -0.707781746136524 -0.706573178595805
22.8061528375941 -0.730595938898321 -0.682957188523267
22.8389811121733 -0.75262256499031 -0.658604974452088
22.8718093851639 -0.773837879906023 -0.633542787618573
22.904637656566 -0.794219013719762 -0.607797644600841
22.9374659263795 -0.813743995740006 -0.581397298195304
22.9702941946044 -0.832391778193457 -0.554370207499521
23.0031224612407 -0.85014225891419 -0.526745507233665
23.0359507262885 -0.866976303013446 -0.498552976333692
23.0687789897477 -0.882875763506716 -0.469823005850053
23.1016072516183 -0.897823500875872 -0.440586566186565
23.1344355119003 -0.91180340154526 -0.410875173714751
23.1672637705938 -0.924800395251847 -0.380720856799633
23.2000920276987 -0.936800471290681 -0.350156121273626
23.2329202832151 -0.94779069361817 -0.319213915395714
23.2657485371429 -0.957759214796884 -0.287927594333714
23.2985767894821 -0.966695288766856 -0.256330884207905
23.3314050402327 -0.974589282429615 -0.224457845734773
23.3642332893948 -0.981432686032462 -0.192342837510078
23.3970615369683 -0.987218122341793 -0.160020478970815
23.4298897829532 -0.991939354595584 -0.127525613076002
23.4627180273496 -0.995591293226471 -0.0948932687465071
23.4955462701574 -0.998170001348157 -0.0621586231044376
23.5283745113767 -0.999672698999266 -0.0293569635527572
23.5612027510073 -1.00009776614003 0.00347635026396124
23.5940309890495 -0.99944474439862 0.0363059245766569
23.626859225503 -0.997714337565194 0.0690963696456812
23.659687460368 -0.99490841083318 0.101812337910349
23.6925156936445 -0.991029988788561 0.134418562093015
23.7253439253323 -0.986083252149375 0.166879893216605
23.7581721554316 -0.980073533258908 0.199161338494608
23.7910003839424 -0.97300731033747 0.2312280990527
23.8238286108646 -0.964892200498924 0.263045607441324
23.8566568361982 -0.955736951539515 0.294579564898792
23.8894850599433 -0.945551432507843 0.325795978324744
23.9223132820998 -0.934346623066146 0.356661196924102
23.9551415026678 -0.922134601654362 0.387141948482018
23.9879697216472 -0.908928532469735 0.417205375230719
24.020797939038 -0.894742651275986 0.446819069269573
24.0536261548403 -0.879592250057365 0.475951107500209
24.086454369054 -0.863493660534114 0.504570086039017
24.1192825816792 -0.846464236557123 0.532645154069943
24.1521107927158 -0.828522335400735 0.560146047101081
24.1849390021639 -0.809687297973901 0.587043119589213
24.2177672100234 -0.789979427970981 0.613307376897131
24.2505954162944 -0.769419969984693 0.638910506549286
24.2834236209768 -0.748031086604793 0.663824908752078
24.3162518240707 -0.725835834527172 0.688023726145883
24.349080025576 -0.702858139699126 0.711480872756747
24.3819082254927 -0.679122771527599 0.734171062116532
24.4147364238209 -0.65465531617819 0.756069834521211
24.4475646205606 -0.629482148993715 0.777153583397924
24.4803928157117 -0.60363040606206 0.797399580752362
24.5132210092742 -0.577127954963962 0.816786001669068
24.5460492012482 -0.550003364732265 0.835291947838228
24.5788773916337 -0.522285875055027 0.852897470083593
24.6117055804306 -0.494005364755677 0.869583589867254
24.644533767639 -0.465192319584203 0.885332319748088
24.6773619532588 -0.435877799354088 0.900126682771807
24.7101901372901 -0.406093404460425 0.913950730771735
24.7430183197328 -0.375871241815297 0.926789561560556
24.775846500587 -0.34524389023715 0.938629334994524
24.8086746798526 -0.314244365331464 0.949457287892805
24.8415028575297 -0.282906083900579 0.959261747795873
24.8743310336182 -0.251262827921049 0.968032145548131
24.9071592081182 -0.219348708127352 0.97575902669119
24.9399873810297 -0.187198127241201 0.982434061655523
24.9728155523526 -0.154845742886115 0.988050054739515
25.005643722087 -0.122326430227214 0.992600951866226
25.0384718902328 -0.0896752443765099 0.9960818471095
25.0713000567901 -0.0569273826042271 0.998488987982395
25.1041282217589 -0.0241181463968858 0.999819779482231
25.1369563851391 0.00871709659695353 1.00007278688789
25.1697845469308 0.0415429506922617 0.999247737306356
25.2026127071339 0.0743240303233285 0.997345519966835
25.2354408657485 0.107024998188637 0.994368185262129
25.2682690227746 0.139610603343704 0.990318942538296
25.3010971782121 0.172045719200826 0.985202156634995
25.3339253320611 0.204295381394762 0.979023343180224
25.3667534843215 0.236324825473543 0.971789162644544
25.3995816349934 0.268099524373768 0.963507413161175
25.4324097840768 0.299585225640004 0.954187022119738
25.4652379315717 0.33074798834815 0.943838036542664
25.498066077478 0.361554219692976 0.932471612254681
25.5308942217957 0.391970711200395 0.92010000185703
25.563722364525 0.421964674525424 0.906736541519388
25.5965505056657 0.451503776797253 0.892395636603726
25.6293786452179 0.480556175473321 0.877092746135608
25.6622067831815 0.509090552664817 0.860844366139664
25.6950349195566 0.537076148896621 0.843668011857208
25.7278630543432 0.564482796265271 0.825582198865164
25.7606911875413 0.591280950959238 0.806606423116654
25.7935193191508 0.617441725106432 0.786761139924775
25.8263474491718 0.642936917914613 0.766067741912201
25.8591755776043 0.667739046071152 0.744548535950397
25.8920037044482 0.691821373369352 0.722226719113295
25.9248318297036 0.715157939529407 0.699126353671359
25.9576599533705 0.737723588182925 0.675272341152991
25.9904880754489 0.759493993990849 0.650690395501242
26.0233161959387 0.780445688865548 0.625407015354757
26.05614431484 0.800556087268802 0.599449455482855
26.0889724321528 0.819803510558421 0.572845697405506
26.121800547877 0.838167210357249 0.545624419229908
26.1546286620128 0.855627390919357 0.517814964736154
26.18745677456 0.872165230469328 0.489447311745327
26.2202848855187 0.88776290149161 0.460552039804125
26.2531129948888 0.902403589948097 0.431160297220834
26.2859411026705 0.916071513403182 0.401303767488209
26.3187692088636 0.928751938036786 0.37101463512943
26.3515973134682 0.940431194526991 0.340325551003977
26.3844254164843 0.951096692785168 0.309269597110805
26.4172535179118 0.960736935527728 0.277880250926766
26.4500816177509 0.969341530669843 0.246191349318724
26.4829097160014 0.976901202527796 0.214237052068261
26.5157378126634 0.983407801817874 0.182051805048295
26.5485659077368 0.988854314441032 0.149670303091305
26.5813940012218 0.993234869043855 0.117127452589183
26.6142220931183 0.99654474334767 0.0844583338650467
26.6470501834262 0.99878036923898 0.051698163357556
26.6798782721456 0.999939336615746 0.0188822556585092
26.7127063592765 1.00002039598535 -0.0139540145553622
26.7455344448189 0.999023459811475 -0.0467752506553632
26.7783625287727 0.996949602608384 -0.0795460722174633
26.8111906111381 0.993801059782589 -0.11223115316145
26.8440186919149 0.989581225223078 -0.144795259831498
26.8768467711032 0.984294647642738 -0.177203288977097
26.9096748487031 0.977947025674907 -0.209420305593406
26.9425029247144 0.970545201730349 -0.241411580580234
26.9753309991371 0.962097154621265 -0.273142628179058
27.0081590719714 0.952611990960294 -0.304579243147718
27.0409871432172 0.94209993534378 -0.335687537632721
27.0738152128745 0.930572319329886 -0.366433977699395
27.1066432809432 0.91804156922343 -0.396785419480537
27.1394713474234 0.90452119268062 -0.426709144904559
27.1722994123152 0.890025764148124 -0.456172896964642
27.2051274756184 0.874570909152172 -0.485144914490868
27.2379555373331 0.858173287454624 -0.513593966387848
27.2707835974593 0.840850575094165 -0.541489385300941
27.303611655997 0.822621445331984 -0.568801100674766
27.3364397129462 0.803505548522478 -0.595499671168385
27.3692677683069 0.783523490930683 -0.621556316392201
27.4020958220791 0.762696812519261 -0.646942947932363
27.4349238742627 0.74104796372899 -0.671632199629243
27.4677519248579 0.718600281277788 -0.695597457077331
27.5005799738646 0.695377963004366 -0.718812886314763
27.5334080212827 0.671406041783611 -0.741253461671545
27.5662360671124 0.646710358541837 -0.762894992746464
27.5990641113536 0.621317534400976 -0.783714150483588
27.6318921540062 0.595254941981753 -0.803688492320269
27.6647201950704 0.568550675896766 -0.822796486379527
27.697548234546 0.541233522465287 -0.841017534680727
27.7303762724332 0.513332928682425 -0.858331995343554
27.7632043087319 0.484878970476108 -0.874721203761331
27.796032343442 0.4559023202861 -0.89016749272086
27.8288603765637 0.426434213999991 -0.904654211447103
27.8616884080968 0.396506417281827 -0.918165743552167
27.8945164380415 0.366151191329649 -0.930687523869256
27.9273444663977 0.335401258098872 -0.942206054153423
27.9601724931653 0.304289765028987 -0.952708917632224
27.9930005183445 0.272850249311608 -0.962184792390563
28.0258285419352 0.241116601738378 -0.970623463575325
28.0586565639374 0.209123030167726 -0.978015834406614
28.0914845843511 0.17690402264982 -0.984353935983756
28.1243126031763 0.144494310249502 -0.989630935875466
28.1571406204129 0.111928829607264 -0.99384114548495
28.1899686360612 0.0792426852786195 -0.996980026181974
28.2227966501209 0.0464711118924793 -0.999044194195315
28.2556246625921 0.0136494361693139 -1.0000314242603
28.2884526734748 -0.019186961159948 -0.999940652017533
28.3212806827691 -0.0520026834932384 -0.998771975160148
28.3541086904748 -0.0847623565137712 -0.99652665332848
28.3869366965921 -0.117430666322436 -0.993207106752138
28.4197647011208 -0.149972397505055 -0.98881691364102
28.4525927040611 -0.182352471093479 -0.983360806328064
28.4854207054129 -0.214535982379579 -0.976844666167885
28.5182487051762 -0.246488238541401 -0.96927551719681
28.551076703351 -0.2781747960409 -0.960661518561134
28.5839046999373 -0.30956149775295 -0.951011955721775
28.6167326949352 -0.340614509785605 -0.940337230444785
28.6495606883445 -0.37130035795192 -0.928648849588537
28.6823886801654 -0.401585963854018 -0.915959412699649
28.7152166703978 -0.431438680540502 -0.902282598431031
28.7480446590417 -0.460826327698777 -0.887633149796697
28.7808726460971 -0.489717226344346 -0.872026858279227
28.813700631564 -0.518080232969683 -0.85548054680702
28.8465286154425 -0.545884773115884 -0.838012051619682
28.8793565977324 -0.573100874330883 -0.819640203041104
28.9121845784339 -0.599699198478734 -0.800384805180954
28.9450125575469 -0.625651073365105 -0.78026661458646
28.9778405350714 -0.650928523644917 -0.759307317867498
29.0106685110075 -0.675504300978784 -0.737529508319117
29.043496485355 -0.699351913405774 -0.71495666156668
29.0763244581141 -0.72244565390081 -0.691613110259896
29.1091524292847 -0.744760628085926 -0.667524017843003
29.1419803988668 -0.76627278106553 -0.642715351429394
29.1748083668604 -0.78695892335671 -0.617213853809916
29.2076363332656 -0.806796755886667 -0.59104701462502
29.2404642980823 -0.825764894030301 -0.564243040731838
29.2732922613105 -0.843842890662061 -0.536830825798125
29.3061202229502 -0.861011258197189 -0.508839919155854
29.3389481830015 -0.877251489598618 -0.480300493948025
29.3717761414643 -0.892546078326868 -0.451243314603041
29.4046040983386 -0.90687853721143 -0.421699703671694
29.4374320536244 -0.920233416223316 -0.391701508062525
29.4702600073218 -0.932596319129598 -0.361281064711949
29.5030879594307 -0.943953919011984 -0.330471165726152
29.5359159099511 -0.95429397263272 -0.299305023032335
29.568743858883 -0.963605333632309 -0.267816232577411
29.6015718062265 -0.971877964544843 -0.236038738112753
29.6343997519815 -0.979102947617975 -0.204006794604013
29.667227696148 -0.985272494425887 -0.171754931305488
29.7000556387261 -0.990379954264878 -0.139317914538797
29.7328835797157 -0.994419821322529 -0.106730710216031
29.7657115191168 -0.997387740612714 -0.0740284461477452
29.7985394569294 -0.999280512670064 -0.0412463741764441
29.8313673931536 -1.00009609699881 -0.0084198321763632
29.8641953277893 -0.999833614272336 0.0244157940394777
29.8970232608366 -0.998493347280954 0.0572251088638942
29.9298511922953 -0.996076740627059 0.0899727450507087
29.9626791221657 -0.992586399167819 0.122623401839344
29.9955070504475 -0.988026085207184 0.155141883007744
30 -0.987319068111799 0.159579468471894
