------------TASK A------------
This is Q before decomposition
     0.535      0.363      0.987 
    0.0192      0.267      0.209 
     0.689      0.919      0.316 
     0.536      0.982      0.913 
    0.0414      0.821      0.581 
     0.189      0.827      0.742 
This is R before decomposition
         0          0          0 
         0          0          0 
         0          0          0 
This is Q after decomposition
     0.514     -0.371       0.68 
    0.0184      0.223     0.0529 
     0.661     -0.059     -0.684 
     0.515      0.202      0.116 
    0.0398      0.708     0.0951 
     0.181      0.517      0.212 
This is R after decomposition
      1.04       1.49       1.35 
         0       1.08       0.64 
         0          0      0.785 
